latitude=28.19168237878621
longitude=76.84273535145194